; Music kit
0 0 0 0 0 1314 166=02000000
0 0 0 0 0 1314 166=03000000
0 0 0 0 0 1314 166=04000000
0 0 0 0 0 1314 166=05000000
0 0 0 0 0 1314 166=06000000
0 0 0 0 0 1314 166=07000000
0 0 0 0 0 1314 166=08000000
0 0 0 0 0 1314 166=09000000
0 0 0 0 0 1314 166=0a000000
0 0 0 0 0 1314 166=0b000000
0 0 0 0 0 1314 166=0c000000
0 0 0 0 0 1314 166=0d000000
0 0 0 0 0 1314 166=0e000000
0 0 0 0 0 1314 166=0f000000
0 0 0 0 0 1314 166=10000000

; Sticker
0 0 0 0 0 1209 113=01000000
0 0 0 0 0 1209 113=02000000
0 0 0 0 0 1209 113=03000000
0 0 0 0 0 1209 113=04000000
0 0 0 0 0 1209 113=05000000
0 0 0 0 0 1209 113=06000000
0 0 0 0 0 1209 113=07000000
0 0 0 0 0 1209 113=08000000
0 0 0 0 0 1209 113=09000000
;0 0 0 0 0 1209 113=0d000000
0 0 0 0 0 1209 113=10000000
0 0 0 0 0 1209 113=16000000
0 0 0 0 0 1209 113=60000000

; Name Tag
0 0 0 0 0 1200
0 0 0 0 0 1200
0 0 0 0 0 1200
0 0 0 0 0 1200
0 0 0 0 0 1200
0 0 0 0 0 1200
0 0 0 0 0 1200
0 0 0 0 0 1200
0 0 0 0 0 1200
0 0 0 0 0 1200
0 0 0 0 0 1200
0 0 0 0 0 1200

; Weapons
;;;;
;;;; 0x40000000 - Groundwater (Lower Boundary)
;;;; 0x41000000 - Desert Storm
;;;; 0x42000000 - Silver
;;;; 0x43150000 - Urban dashed
;;;; 0x43900000 - Sargeant
;;;; 0x43908000 - Sandstorm
;;;; 0x43910000 - Guardian
;;;; 0x43930000 - Green Apple
;;;; 0x43940000 - Meteorite
;;;; 0x43950000 - Army Sheen
;;;; 0x43960000 - Emerald Pinstripe
;;;; 0x43970000 - Isaac
;;;; 0x43980000 - Slashed
;;;; 0x43990000 - Antique
;;;; 0x439a0000 - Kami
;;;; 0x439a1000 - Nitro
;;;; 0x439a1000 - Rust Coat
;;;; 0x439a8000 - Howl -- ?
;;;; 0x439b0000 - Curse
;;;; 0x439c0000 - Cyrex
;;;; 0x439d0000 - Heaven Guard
;;;; 0x439e0000 - Jaguar
;;;; 0x439f0000 - Road Rash
;;;; 0x43a00000 - Red Python
;;;; 0x43aa0000 - Jet Set
;;;; 0x43b00000 - Fowl Play
;;;; 0x43d00000 - Doppler
;;;; 0x43d20000 - Doppler (Upper Limit)
;0 0 0 0 0 1 6=00001543
;0 0 0 0 0 1 6=00809043

; def_index = item (or weapon)
; 6=XXXXXXXX = Paint kit
; 80=00000000 & 81=00000000 = Enable stattrak
; See csgo/scripts/items/items_game.txt for weapon(under "items" section) and "paint_kits"
; Paint kits are encoded in float

;id, inventory, quality, rarity, level, def_index, {attrs}
0 0 4 2 1 1 6=00000041
0 0 4 2 1 2 6=00002241
0 0 4 2 1 3 6=00001a43
0 0 4 2 1 4 6=00001142
0 0 4 2 1 4 6=00002340 80=00000000 81=00000000
0 0 4 2 1 5 6=00000242
0 0 4 2 1 6 6=00000542
0 0 4 2 1 7 6=00009143
0 0 4 2 1 7 6=00002141 80=00000000 81=00000000
0 0 4 2 1 8 6=00004143
0 0 4 2 1 9 6=00003143
0 0 4 2 1 10 6=0000a143
0 0 4 2 1 11 6=00003342
0 0 4 2 1 12 6=00000141
0 0 4 2 1 13 6=0000a140
0 0 4 2 1 14 6=00003a43
;;;0 0 4 2 1 15 6=0000aa43
0 0 4 2 1 16 6=00000142
0 0 4 2 1 16 6=00001642 80=00000000 81=00000000
0 0 4 2 1 17 6=0000ab43
0 0 4 2 1 18 6=00000c41
0 0 4 2 1 19 6=0000c142
0 0 4 2 1 20 6=0000c341
0 0 4 2 1 21 6=00007141
0 0 4 2 1 22 6=00006742
0 0 4 2 1 23 6=00009141
0 0 4 2 1 24 6=00008141
0 0 4 2 1 25 6=00009743
0 0 4 2 1 26 6=00006343
0 0 4 2 1 27 6=00001040
0 0 4 2 1 28 6=00001b43
0 0 4 2 1 29 6=00001b41
0 0 4 2 1 30 6=00001142
0 0 4 2 1 31 6=00003142
0 0 4 2 1 32 6=00004141
0 0 4 2 1 32 6=00002140 80=00000000 81=00000000
0 0 4 2 1 33 6=00004142
0 0 4 2 1 34 6=0000a740
0 0 4 2 1 35 6=00001c43
0 0 4 2 1 36 6=00003543
0 0 4 2 1 37 6=00005140
0 0 4 2 1 38 6=00000541
0 0 4 2 1 39 6=00000341
0 0 4 2 1 40 6=00004841
0 0 4 2 1 500
0 0 4 2 1 505
0 0 4 2 1 506
0 0 4 2 1 507
0 0 4 2 1 508
0 0 4 2 1 509
